19.37
19.98
14.36
5.49
4.45
10.34
17.85
5.09
11.81
17.88
9.00
18.23
13.36
11.16
7.18
17.52
19.93
12.79
19.23
9.98
9.86
13.94
10.12
4.10
12.49
13.16
10.63
14.64
6.43
13.26
17.11
10.10
13.90
8.36
5.91
9.71
6.75
15.74
12.79
11.70
5.29
4.29
12.92
4.23
8.88
9.77
7.79
11.14
9.95
15.79
6.36
10.20
14.81
17.71
19.35
12.87
6.45
5.92
8.43
8.67
4.30
19.59
12.76
19.91
10.19
5.70
6.59
11.40
4.73
18.99
11.77
4.91
16.38
17.79
9.12
8.17
5.34
9.20
8.80
13.36
16.39
19.81
18.16
9.53
15.16
8.83
10.05
7.19
4.57
17.04
13.03
15.25
13.82
7.64
11.24
17.67
6.82
6.90
13.70
10.32
4.59
17.34
19.34
8.39
10.81
16.53
8.24
8.36
19.04
15.28
16.79
18.79
10.46
4.04
11.51
14.67
4.53
6.31
12.26
18.40
16.51
9.45
10.05
9.46
17.95
6.70
15.40
5.86
12.85
14.56
14.27
17.16
13.94
14.99
4.04
10.15
10.35
14.54
14.06
8.05
18.96
17.53
14.53
15.23
11.56
5.00
11.00
8.86
5.26
11.89
6.84
18.35
9.93
6.90
19.75
15.10
18.31
12.07
18.13
8.48
12.96
17.77
18.32
4.41
8.06
9.93
4.53
9.30
4.39
5.14
17.24
16.33
12.88
18.31
11.14
4.28
16.93
16.72
6.31
14.85
9.34
13.91
13.70
13.56
14.64
19.87
10.78
12.69
17.11
19.39
11.78
11.32
12.43
16.25
12.11
8.22
14.41
8.01
16.83
17.49
